8092
7435
9771
19849
21542
1004
1410
141846
31564
17653
147988
25180
7437
164572
1598
144520
18204
63080
1678
183822
25749
9899
10405
1926
16101
1078
63643
37054
192255
28323
21019
143357
146017
27575
35852
183283
156153
27333
12540
3905
28070
145977
20126
61562
1161
176362
65886
1449
126554
8599
30067
186278
1209
37460
125595
27960
24135
1230
14084
29751
27638
11756
64821
141384
24302
175007
316056
37309
11554
5072
27841
184604
160329
160329
32530
8543
64768
24287
100243
30612
50688
10860
1045
185549
117861
30059
1440
1447
8431
17639
1487
9849
105365
179437
12379
164708
30222
1602
110039
20659
14282
1632
65556
31109
18465
3221
1686
183606
184254
24071
23977
1690
2101
1704
28176
118122
186858
160173
1743
34048
61302
1722
65009
328795
33133
20748
33766
17626
175689
1773
28806
4973
16113
27823
144640
1794
30870
11842
157057
157955
12262
32809
19713
41981
4383
9063
23809
1878
64690
1891
29875
21352
35065
1913
28194
3278
11304
1919
22134
137602
143912
162560
31477
158743
127377
35868
63739
33718
185229
64925
1968
32106
1979
1988
136265
28022
65106
7647
2005
185824
61487
6733
2086
2111
28940
35684
23084
2176
137351
180483
2184
2220
15414
17199
122257
24468
2259
28420
124434
260893
177088
20791
171049
16486
119314
21898
28742
25279
20088
29011
2352
13562
143974
31774
3007
2403
18383
180711
176928
105670
15417
2435
138483
2444
163036
144435
18675
65609
2596
260774
28320
135788
163946
149070
3439
295786
12603
120093
13623
24825
62266
24601
2574
2577
20019
178672
7241
23225
2593
32938
14219
13421
21808
64275
2436
21431
2628
183903
28629
30990
119414
198058
32541
64410
2751
19582
2771
13498
2787
36191
29155
150278
2807
175966
2817
23500
2820
184500
162254
175269
31673
145552
5742
65640
25536
25536
16705
62516
18004
37414
33652
33326
137131
25964
126136
2960
2986
2991
35287
165914
65615
184442
28034
3026
3028
64356
14824
177108
3062
16401
20779
3243
21825
16781
187698
14027
38954
18293
18293
3107
112111
3138
147204
16188
111864
266214
14561
3158
3170
23555
65228
105936
3226
3231
64997
3238
3246
16790
174077
34010
3362
50345
37382
8549
3413
2710
40614
29901
24225
146616
38870
61759
32372
65084
3532
184700
37090
35168
29028
20548
12151
3562
3570
3580
42284
40383
164755
35182
113490
3619
160990
3643
3650
50721
3662
33809
170396
39246
158563
25340
13700
150139
20235
39041
3897
3336
64223
61483
3734
3735
31846
30651
60923
23546
29015
3835
14489
3851
3863
14934
162887
160706
170750
16710
160991
38188
63135
3969
177376
33301
162354
4016
31587
4029
160211
4036
27803
317264
23753
38412
175307
4058
34443
38927
37793
33152
4060
4093
39122
4115
35447
141496
6223
16478
187697
65710
4430
41059
23224
185375
24430
111721
30032
118042
4193
22674
29392
4199
179202
4213
133367
9846
133366
16721
145046
6730
183902
11301
41050
4321
176591
12589
121815
160893
23083
1706
189517
179577
187450
148950
7366
5496
35497
4423
138743
32767
27875
28733
61380
18745
33684
8542
30293
23252
23238
64536
174744
61388
6338
7970
50838
133885
8539
162449
27786
126296
4494
23027
160479
119574
4503
18049
121077
27871
4510
62823
179583
63172
13824
14225
4598
4605
4608
66731
165264
165993
4640
184899
16821
16777
18241
17195
29101
27665
4737
30384
175404
24157
8099
12635
171141
29282
30170
22155
4809
4108
4818
11584
4839
148390
183377
26590
43026
188255
29206
26410
34636
34636
18320
28069
4881
4885
14590
30443
33951
135484
28012
14172
19402
4941
41818
45169
22583
39319
145049
18792
141459
12441
32886
15855
183736
5046
5047
5071
5073
177983
5116
28408
5125
158354
5149
29131
24856
16832
23990
23996
141913
10614
171002
23071
170384
117036
33421
5252
11300
180083
21429
25389
22047
184392
181269
5338
36293
5987
189579
65718
63447
190455
2269
4926
17769
22260
179974
5667
5690
5606
24021
5439
151630
30076
24232
175319
31368
12389
31843
36847
5518
5530
38125
20823
133766
28322
5539
13125
12840
120048
5572
65006
5581
61494
66285
5600
1380
26156
5608
30298
179657
156953
27393
5643
37851
20904
164633
1300
66235
24678
5709
7063
25219
28192
62378
5764
27914
5786
186310
183366
36691
25110
5870
15267
24197
175955
17928
5860
29191
5878
138205
27387
36236
29127
18494
16889
30098
27119
66016
110566
28670
65671
160668
31453
64302
33435
19516
4498
177227
140073
61181
6008
6100
176701
163610
6034
22086
6066
6078
6104
27706
14309
27928
136725
29804
30004
183640
62374
29133
12825
5783
32154
180466
2968
28195
11811
13092
39561
6216
259518
177287
6682
147305
24755
11499
6266
6268
65108
121718
12689
174310
179741
31251
6304
24293
6375
21503
6386
25632
41897
28877
9783
20232
64306
6435
24731
6310
27652
6461
266315
42950
30861
19518
25283
35035
163113
118267
32348
6509
39963
5492
11796
18629
155394
25665
29052
6543
14960
18732
6565
63422
28790
6573
21440
21004
161844
16597
174390
16477
6649
165123
6669
122380
37284
30284
25937
10991
6737
6742
25124
14954
166213
64175
25747
27810
165746
2536
6774
6781
6821
6829
178015
2884
23249
294524
4699
12615
187740
4384
6867
6932
24379
14418
14891
119275
37407
7420
61732
178507
180646
4611
24481
31252
109826
14370
43316
186989
19000
111103
158742
28930
191255
7065
12625
29733
2497
7085
177881
41835
160225
187812
26061
2448
61519
1254
7116
30477
184551
64901
7146
7154
7171
162160
19998
7228
7257
17035
66393
21777
14790
7275
133768
170617
20011
65772
27965
7343
12141
29649
7368
7401
25870
38936
34410
19927
25119
152149
3505
28704
142953
160888
24350
24316
139665
7549
12124
160373
7585
13888
15343
7620
18498
61399
39182
19094
43198
7648
7906
11854
12140
63892
135990
17277
117768
12459
184725
1661
149337
190963
24463
7733
7741
7762
23147
32574
10121
125794
16453
61591
122902
147579
62921
7849
158053
4462
7875
7881
18043
18043
23086
149177
4517
41996
7974
7921
7922
7923
8001
142337
7982
7985
30932
7993
104432
61356
8030
28180
8215
16981
8113
134932
19517
8151
183581
65607
19507
8068
8079
24617
17095
14828
8123
24076
25633
142956
4066
126423
35543
12142
38821
160913
11721
36190
8199
11781
8213
8214
8219
8253
196159
66586
144437
30259
8264
43057
23247
8247
8455
150477
1076
18699
8551
64979
185836
128978
36910
171067
34953
28397
22447
13714
27394
19318
8358
35158
28866
8386
25880
29108
24616
8402
20116
19730
39103
142460
183830
61325
31494
183324
63847
8463
26147
8479
66379
28787
26864
24782
8530
20115
179621
170841
26839
13200
12785
139025
1075
8605
8606
24861
12945
14311
61420
12428
170527
8692
8699
66032
109183
18624
162335
65343
1414
145701
38594
24440
30145
24352
35708
29984
115876
27670
187696
150279
143356
8810
10096
8823
25756
160785
24800
64853
8850
11745
179819
66446
64166
7526
184263
65605
164557
1864
111873
13342
8901
8902
10983
41716
13071
25895
64891
64766
6788
8898
5862
183029
30822
61129
9016
29099
23812
4674
28216
30671
61406
25173
12181
112168
31887
34053
4145
18071
2312
9203
9216
39791
9225
24925
9248
28191
9273
63000
39067
9299
7163
19570
121382
9317
27780
9324
65290
20430
26013
183974
5087
9969
185339
25313
185618
19649
31958
148469
150481
157855
175900
28139
64857
28769
29910
9465
264193
9466
36051
18683
17184
150937
9555
174236
17115
8272
9599
183942
11012
9611
171007
16549
22672
9664
36494
27938
3382
35794
15520
64389
133288
19355
29389
30260
64929
18441
13710
121142
12392
1327
283184
9778
23119
179690
45167
65831
9815
33767
37338
64547
62979
9882
9890
28762
6547
38915
17934
10000
10008
10016
25434
183388
10035
64030
26270
33110
10056
29382
10086
11770
31521
63338
178976
10115
10124
185396
38038
186773
24905
61163
176567
186159
39651
142814
20686
24975
13041
10247
17874
12138
156155
177267
4988
61711
10549
125240
139804
8807
64630
17228
18899
28340
140541
185532
3813
16653
177111
126721
10407
10411
156861
7750
10441
178310
10453
7991
183833
184996
24783
150306
10499
10504
160376
10519
24216
28349
1659
158587
2019
2285
61581
28590
25234
2663
189459
13988
25737
186960
22741
2547
3121
3144
3504
178803
61567
30536
4990
114628
5234
30463
29609
61408
61739
5597
5680
6136
9777
5568
6502
29868
13570
162129
7866
14624
8245
8762
13341
20185
9667
27576
9850
12544
11672
10581
10618
62689
3980
3708
175263
11506
10530
37130
10565
28295
12395
17240
10609
23245
24978
29736
5959
148349
35062
174729
163983
119316
258869
22815
10735
199356
21815
63876
11856
20935
17245
4685
183780
10789
10793
4723
25318
10894
29156
29449
10801
10916
18312
63863
35077
178704
264416
165052
165052
10840
10867
10795
17248
64794
17252
63927
10920
66065
23978
121440
10903
23077
10999
11017
25274
13580
11032
12726
31460
22459
29150
11060
32580
64344
2270
15247
11861
11094
27373
11124
110179
43197
66368
64334
30637
180652
21633
2136
34300
24344
43360
64088
7637
29241
21238
39310
20534
35638
23432
25030
179534
11191
136648
157373
187961
36203
11220
16384
11228
66354
14822
5256
11234
11550
120444
162385
43236
17132
17145
24720
11264
185370
11259
164296
163118
30397
14477
61574
11313
12445
4367
17150
8007
5543
12266
11376
14253
163920
11399
60979
160684
11456
11465
185453
11511
144009
23843
11537
63781
24750
27794
11566
11580
15044
24725
12471
11600
43651
33243
149318
162400
144998
7977
18938
22983
11636
189491
27653
196268
65417
24405
122172
144559
11687
13721
22638
180474
27907
114524
63986
18875
326688
